a): (0;0;12.25)
b): (-18;-5;39)
c): (43.2435)
d): (0)
e): (0;0;1)
f): (0;-1;0)
g): (0.75642;0.275748;-0.59312)
h): (6.84796;2.5;7.64553)
